A =
 1.0668 0.2944 -0.6918 -1.4410
 0 -1.3362 0.8580 0.5711
 -0.0956 0.7143 1.2540 0
 -0.8323 1.6236 -1.5937 0.6900
B =
 0.8156 1.1908 -1.6041 -0.8051
 0.7119 -1.2025 0.2573 0
 1.2902 0 -1.0565 0.2193
 0.6686 -0.1567 1.4151 -0.9219
C =
 -2.1707 0.5077 0.3803 0.0000
 -0.0592 1.6924 -1.0091 0
 -1.0106 0.5913 -0.0195 1.0950
 0.6145 -0.6436 -0.0482 -1.8740
D =
 0.4282 0.0403 -0.3775 0.1184
 0.8956 0.6771 -0.2959 0.3148
 0.7310 0.5689 -1.4751 1.4435
 0.5779 -0.2556 -0.2340 -0.3510
E =
 0.6232 0.2120 1.0823 -0.6355
 0.7990 0.2379 -0.1315 -0.5596
 0.9409 -1.0078 0.3899 0.4437
 -0.9921 -0.7420 0.0880 -0.9499
F =
 0.9501 0 -0.8214 -0.9218
 -0.2311 -0.7621 0.4447 0.7382
 0.6068 -0.4565 0.6154 0.1763
 0.4860 0.0185 0.7919 -0.4057